node_features: , tensor([[    0., 38585.,   479.,  ...,     0.,     0.,     0.],
        [    0.,  9232.,  1606.,  ...,     0.,     0.,     0.],
        [    0., 13367.,  2156.,  ...,     0.,     0.,     0.],
        ...,
        [    0.,     0.,     0.,  ...,     0.,     0.,     0.],
        [    0.,     0.,     0.,  ...,     0.,     0.,     0.],
        [    0.,     0.,     0.,  ...,     0.,     0.,     0.]],
       device='cuda:0')
edge_features:, tensor([[0.5000, 1.0000, 1.0000, 1.0000],
        [0.5000, 1.0000, 1.0000, 1.0000],
        [0.7000, 1.0000, 1.0000, 1.0000],
        [0.5000, 1.0000, 1.0000, 1.0000],
        [0.7000, 1.0000, 1.0000, 1.0000],
        [0.5000, 1.0000, 1.0000, 1.0000],
        [0.7000, 1.0000, 1.0000, 1.0000],
        [0.5000, 1.0000, 1.0000, 1.0000],
        [0.7000, 1.0000, 1.0000, 1.0000],
        [0.5000, 1.0000, 1.0000, 1.0000],
        [0.7000, 1.0000, 1.0000, 1.0000],
        [0.7000, 1.0000, 1.0000, 1.0000],
        [0.7000, 1.0000, 1.0000, 1.0000],
        [0.7000, 1.0000, 1.0000, 1.0000],
        [0.7000, 1.0000, 1.0000, 1.0000],
        [0.7000, 1.0000, 1.0000, 1.0000],
        [0.0000, 1.0000, 1.0000, 1.0000],
        [0.0000, 1.0000, 1.0000, 1.0000],
        [0.0000, 1.0000, 1.0000, 1.0000],
        [0.0000, 1.0000, 1.0000, 1.0000],
        [0.0000, 1.0000, 1.0000, 1.0000],
        [0.0000, 1.0000, 1.0000, 1.0000],
        [0.0000, 1.0000, 1.0000, 1.0000],
        [0.0000, 1.0000, 1.0000, 1.0000],
        [0.0000, 1.0000, 1.0000, 1.0000],
        [0.0000, 1.0000, 1.0000, 1.0000],
        [0.0000, 1.0000, 1.0000, 1.0000],
        [0.0000, 1.0000, 1.0000, 1.0000],
        [0.0000, 1.0000, 1.0000, 1.0000],
        [0.0000, 1.0000, 1.0000, 1.0000],
        [0.0000, 1.0000, 1.0000, 1.0000],
        [0.0000, 1.0000, 1.0000, 1.0000],
        [0.0000, 1.0000, 1.0000, 1.0000],
        [0.0000, 1.0000, 1.0000, 1.0000],
        [0.0000, 1.0000, 1.0000, 1.0000],
        [0.0000, 1.0000, 1.0000, 1.0000],
        [0.0000, 1.0000, 1.0000, 1.0000],
        [0.0000, 1.0000, 1.0000, 1.0000],
        [0.0000, 1.0000, 1.0000, 1.0000],
        [0.0000, 1.0000, 1.0000, 1.0000],
        [0.0000, 1.0000, 1.0000, 1.0000],
        [0.0000, 1.0000, 1.0000, 1.0000],
        [0.0000, 1.0000, 1.0000, 1.0000],
        [0.0000, 1.0000, 1.0000, 1.0000],
        [0.0000, 1.0000, 1.0000, 1.0000],
        [0.0000, 1.0000, 1.0000, 1.0000],
        [0.0000, 1.0000, 1.0000, 1.0000],
        [0.0000, 1.0000, 1.0000, 1.0000],
        [0.0000, 1.0000, 1.0000, 1.0000],
        [0.0000, 1.0000, 1.0000, 1.0000],
        [0.0000, 1.0000, 1.0000, 1.0000],
        [0.0000, 1.0000, 1.0000, 1.0000],
        [0.0000, 1.0000, 1.0000, 1.0000],
        [0.0000, 1.0000, 1.0000, 1.0000],
        [0.0000, 1.0000, 1.0000, 1.0000],
        [0.0000, 1.0000, 1.0000, 1.0000],
        [0.0000, 1.0000, 1.0000, 1.0000],
        [0.0000, 1.0000, 1.0000, 1.0000],
        [0.0000, 1.0000, 1.0000, 1.0000],
        [0.0000, 1.0000, 1.0000, 1.0000],
        [0.0000, 1.0000, 1.0000, 1.0000],
        [0.0000, 1.0000, 1.0000, 1.0000],
        [0.0000, 1.0000, 1.0000, 1.0000],
        [0.0000, 1.0000, 1.0000, 1.0000],
        [1.0000, 1.0000, 1.0000, 1.0000],
        [1.0000, 1.0000, 1.0000, 1.0000],
        [1.0000, 1.0000, 1.0000, 1.0000],
        [1.0000, 1.0000, 1.0000, 1.0000],
        [1.0000, 1.0000, 1.0000, 1.0000],
        [1.0000, 1.0000, 1.0000, 1.0000],
        [1.0000, 1.0000, 1.0000, 1.0000],
        [1.0000, 1.0000, 1.0000, 1.0000],
        [0.0000, 1.0000, 1.0000, 1.0000],
        [0.0000, 1.0000, 1.0000, 1.0000],
        [0.0000, 1.0000, 1.0000, 1.0000],
        [0.0000, 1.0000, 1.0000, 1.0000],
        [0.0000, 1.0000, 1.0000, 1.0000],
        [0.0000, 1.0000, 1.0000, 1.0000],
        [0.0000, 1.0000, 1.0000, 1.0000],
        [0.0000, 1.0000, 1.0000, 1.0000],
        [0.0000, 1.0000, 1.0000, 1.0000],
        [0.0000, 1.0000, 1.0000, 1.0000],
        [0.0000, 1.0000, 1.0000, 1.0000],
        [0.0000, 1.0000, 1.0000, 1.0000],
        [0.0000, 1.0000, 1.0000, 1.0000],
        [0.0000, 1.0000, 1.0000, 1.0000],
        [0.0000, 1.0000, 1.0000, 1.0000],
        [0.0000, 1.0000, 1.0000, 1.0000],
        [0.0000, 1.0000, 1.0000, 1.0000],
        [0.0000, 1.0000, 1.0000, 1.0000],
        [0.0000, 1.0000, 1.0000, 1.0000],
        [0.0000, 1.0000, 1.0000, 1.0000],
        [0.0000, 1.0000, 1.0000, 1.0000],
        [0.0000, 1.0000, 1.0000, 1.0000],
        [0.0000, 1.0000, 1.0000, 1.0000],
        [0.0000, 1.0000, 1.0000, 1.0000],
        [0.0000, 1.0000, 1.0000, 1.0000],
        [0.0000, 1.0000, 1.0000, 1.0000],
        [0.0000, 1.0000, 1.0000, 1.0000],
        [0.0000, 1.0000, 1.0000, 1.0000],
        [0.0000, 1.0000, 1.0000, 1.0000],
        [0.0000, 1.0000, 1.0000, 1.0000],
        [0.0000, 1.0000, 1.0000, 1.0000],
        [0.0000, 1.0000, 1.0000, 1.0000],
        [0.0000, 1.0000, 1.0000, 1.0000],
        [0.0000, 1.0000, 1.0000, 1.0000],
        [0.0000, 1.0000, 1.0000, 1.0000],
        [0.0000, 1.0000, 1.0000, 1.0000],
        [0.0000, 1.0000, 1.0000, 1.0000],
        [0.0000, 1.0000, 1.0000, 1.0000],
        [0.0000, 1.0000, 1.0000, 1.0000],
        [0.0000, 1.0000, 1.0000, 1.0000],
        [0.0000, 1.0000, 1.0000, 1.0000],
        [0.0000, 1.0000, 1.0000, 1.0000],
        [0.0000, 1.0000, 1.0000, 1.0000],
        [0.0000, 1.0000, 1.0000, 1.0000],
        [0.0000, 1.0000, 1.0000, 1.0000],
        [0.0000, 1.0000, 1.0000, 1.0000],
        [0.0000, 1.0000, 1.0000, 1.0000],
        [0.0000, 1.0000, 1.0000, 1.0000],
        [0.0000, 1.0000, 1.0000, 1.0000],
        [0.0000, 1.0000, 1.0000, 1.0000],
        [0.0000, 1.0000, 1.0000, 1.0000],
        [0.0000, 1.0000, 1.0000, 1.0000],
        [0.0000, 1.0000, 1.0000, 1.0000],
        [0.0000, 1.0000, 1.0000, 1.0000],
        [0.0000, 1.0000, 1.0000, 1.0000],
        [0.0000, 1.0000, 1.0000, 1.0000]], device='cuda:0')
from_idx:, tensor([ 0,  1,  1,  2,  2,  3,  3,  4,  4,  5,  5,  9, 10, 11, 12, 13,  0,  0,
         0,  0,  0,  0,  0,  0,  0,  0,  0,  0,  0,  0,  0,  0,  0,  0,  0,  0,
         0,  0,  0,  0,  0,  0,  0,  0,  0,  0,  0,  0,  0,  0,  0,  0,  0,  0,
         0,  0,  0,  0,  0,  0,  0,  0,  0,  0, 19, 20, 20, 21, 21, 22, 22, 23,
        19, 19, 19, 19, 19, 19, 19, 19, 19, 19, 19, 19, 19, 19, 19, 19, 19, 19,
        19, 19, 19, 19, 19, 19, 19, 19, 19, 19, 19, 19, 19, 19, 19, 19, 19, 19,
        19, 19, 19, 19, 19, 19, 19, 19, 19, 19, 19, 19, 19, 19, 19, 19, 19, 19,
        19, 19], device='cuda:0')
to_idx:, tensor([ 8,  9, 14, 10, 15, 11, 16, 12, 17, 13, 18, 14, 15, 16, 17, 18,  0,  0,
         0,  0,  0,  0,  0,  0,  0,  0,  0,  0,  0,  0,  0,  0,  0,  0,  0,  0,
         0,  0,  0,  0,  0,  0,  0,  0,  0,  0,  0,  0,  0,  0,  0,  0,  0,  0,
         0,  0,  0,  0,  0,  0,  0,  0,  0,  0, 20, 19, 21, 20, 22, 21, 23, 22,
        19, 19, 19, 19, 19, 19, 19, 19, 19, 19, 19, 19, 19, 19, 19, 19, 19, 19,
        19, 19, 19, 19, 19, 19, 19, 19, 19, 19, 19, 19, 19, 19, 19, 19, 19, 19,
        19, 19, 19, 19, 19, 19, 19, 19, 19, 19, 19, 19, 19, 19, 19, 19, 19, 19,
        19, 19], device='cuda:0')
graph_idx:, tensor([0, 0, 0, 0, 0, 0, 0, 0, 0, 0, 0, 0, 0, 0, 0, 0, 0, 0, 0, 0, 0, 0, 0, 0,
        0, 0, 0, 0, 0, 0, 0, 0, 0, 0, 0, 0, 0, 0, 0, 0, 0, 0, 0, 0, 0, 0, 0, 0,
        0, 0, 0, 0, 0, 0, 0, 0, 0, 0, 0, 0, 0, 0, 0, 0, 0, 0, 0, 0, 0, 0, 0, 0,
        0, 0, 0, 0, 0, 0, 0, 0, 0, 0, 0, 0, 0, 0, 0, 0, 0, 0, 0, 0, 0, 0, 0, 0,
        0, 0, 0, 0, 0, 0, 0, 0, 0, 0, 0, 0, 0, 0, 0, 0, 0, 0, 0, 0, 0, 0, 0, 0,
        0, 0, 0, 0, 0, 0, 0, 0, 1, 1, 1, 1, 1, 1, 1, 1, 1, 1, 1, 1, 1, 1, 1, 1,
        1, 1, 1, 1, 1, 1, 1, 1, 1, 1, 1, 1, 1, 1, 1, 1, 1, 1, 1, 1, 1, 1, 1, 1,
        1, 1, 1, 1, 1, 1, 1, 1, 1, 1, 1, 1, 1, 1, 1, 1, 1, 1, 1, 1, 1, 1, 1, 1,
        1, 1, 1, 1, 1, 1, 1, 1, 1, 1, 1, 1, 1, 1, 1, 1, 1, 1, 1, 1, 1, 1, 1, 1,
        1, 1, 1, 1, 1, 1, 1, 1, 1, 1, 1, 1, 1, 1, 1, 1, 1, 1, 1, 1, 1, 1, 1, 1,
        1, 1, 1, 1, 1, 1, 1, 1, 1, 1, 1, 1, 1, 1, 1, 1])
